1
10
101
102
103
104
106
107
108
109
11
110
113
114
115
116
118
119
12
121
123
126
127
128
129
13
130
131
132
134
135
138
139
14
140
141
144
145
149
15
150
151
154
155
156
157
159
16
160
161
162
163
164
165
166
169
170
171
172
173
175
176
177
178
179
18
180
182
183
185
186
187
188
19
192
193
194
196
197
198
199
2
20
200
201
204
205
206
207
209
21
210
211
213
215
216
217
219
220
221
223
224
225
226
23
231
232
234
235
236
237
238
239
24
240
241
245
25
251
252
254
256
258
259
26
261
262
263
264
265
266
269
27
270
272
273
275
276
277
279
28
280
283
284
285
286
287
289
290
292
294
295
297
299
3
300
301
302
303
305
306
307
308
31
314
315
316
317
318
32
320
322
323
326
327
328
33
331
332
335
336
337
338
34
340
341
342
343
348
349
351
352
354
356
357
358
359
36
364
365
367
369
37
370
371
372
373
374
375
376
379
38
380
381
382
383
384
385
386
387
388
389
390
392
393
394
395
396
397
399
4
400
401
402
403
405
406
407
408
41
411
412
415
418
42
420
421
422
423
424
426
429
43
431
432
433
436
437
438
439
441
445
446
447
448
449
45
450
451
454
455
457
458
46
460
461
462
463
464
465
466
467
468
469
47
470
473
474
475
476
477
478
479
480
481
482
486
488
49
495
497
5
50
503
504
506
509
511
512
513
514
515
516
517
518
519
52
522
523
524
526
527
528
53
533
535
537
539
54
545
546
548
549
550
552
553
558
559
56
562
567
568
57
572
574
575
576
579
58
580
581
582
583
585
588
589
590
591
593
6
604
608
609
61
611
613
62
64
65
67
68
7
71
72
74
75
77
79
8
80
81
82
86
87
88
89
9
91
92
93
94
95
96
97
98
99